3028478807154173856590448673095017667086616543890996829234540973640742149172986935257530510344019203
1993147088671417952846903098196019942473965320042760125254086335170261320524903233137680431088837462
1824042581805403602455675086973867165710351906436740098352114187191295249490102588691945780954707279
1380007408793511555712497573044634813291796354202324623616105705726824110204973468142487376559382919
8364572576918888700119027921135243428291899218452432196490255620951185686857325759001051944408247858
4228317188005720435068014205445632687017172513340126167933700876442150488102254347649130175650773297
8920709741539272107730447225751999654086122999345503059508578758264500735669130354857156927875094027
9781485157860063765157062620754273437275545092816819660342169095020373493403413894959757566925502468
7973742698852802116672443908185592607212032545892129686687194826008157649634581836832894351598644092
4630859554464066347462883048500492646003633731354795051510313862708110499300592846577570413690106598
5188488099394917537124253074738526721099779607290236359060203315492148029482870991320409641117505163
6397635330428775379484513913265252508283795136712578945661738189472470900539611504034184574471182207
1688600817228616535810565640031095544108419514160138005063203386491909492193571551692765348583896765
2832784782684339599416486663298736029071045227935222825056259977242504952999982264968790993263734758
4485527000483681501102516176513024855033876112143342882025641583158219223986232184931563526536327375
6668393495244347185448084207198399109080259695064237725294872730446658650113149537782113889627881523
4889683628312713540056156175512695352230454864531719741995806106251009283432377901541687007500233586
8867505663974860703284439300657057433849715449150490196485771115648264916947731806160097095313482092
1410659791396509791439799488001117675978904593315459202897985801523350324857858421268088352462484383
2657721914346986557066177293646969794370979835913355404833091768887706849509256752373312789148957587
1664012628801677143962605311631356299825351775477928162322257421662451109940725298150426405075807338
5808753493752140355545847458666297978588738873903265964324230038020540633099197872527877519548201124
9988986547763843832674820937104056663715993567717202668078752074845998539979821781302476270881926953
9679825560185768947507916838258175890433289852111560735180139184399447584456957045609656061867177759
6302435700653995033779012228400200355513816937171548023985267248907309998140410004330881964024738540
5119124932531173896342666121813845438009970344865871408908457388922229222878309026126139079166013622
9583165423695783748993581656612005524264960029057580483171734108062018399183913169438903613263615292
2001149342785216808780596462514621631703262923075139066109559525111298660521652231002752531894149090
9649869853094489291230586176500971654604092716696800117144503011005292682505066450280482108633840006
9272070218043619573034422942059830561104282683904357620514362244851558672397461141049034871215331990
2835145846189394108171601585764967655566768062897802062790952959162309097500937005373527001130691716
4578677488739545754911061643338028419836060177443594305420720353149513335528196915330006342764573704
1636781738086449408782878255081273537106773571788028278946663266931421822746744303017409458326639053
9087347888647394246347450172860023437688844923611592131606682532059457296635622399747388309464066468
2282624737501591482620919707285331748629058490675793687855083754213717106865609587680947972006895729
5080238366905188251497462166679103980471231893499935864076959298938096209679892615246374732331747667
2464960082661381662878311331483125114225944280804363296044711580435814644981569933382634314473064983
8899982268717750156284967483452432734943242451034064808997475030400304684985936048350700348192618671
4124175733206334821729086560971897726136505929700857272989697627163382662642388822163092231790159428
3044241419456992455431760639621084588398218466925994893350773300919680345053967094196049101500382961
8137860798061556352850808185164663134136825965513733700424002765524589401086871458151719267831884311
5961262740536297159070485162575187441818828827863390032355779207498219270253788165726698462249589958
1369763778646184490740997085832611363213823187865071288101480717106410948656601425649153549066350308
7480183245867765162639698773487282805279127559249342411866048376735179330989602003388571176256737245
4278441080672759192013551619641639971996957860733433978592956320707676643675968448113860207486835321
8247677175693693914522658613721022351731318480165761881256728557101018959822827802519354032631611043
1712743063146645756019688690114770707185303614526150509855228042552332659080868196887885637853222650
1091520530482655811321428687857559397255561243576684964276739935897315405681839412895903763802774409
4839298904125723646061086587365573928477689264550700807158414745971778226452347775493111012228764751
5478592846815303409096002452468564371340716408506273890840988640041255106112205190801080424297463535
7589326911787744033244653456398365198481977025792054135512850865157161271821542540982838748737149830
9620770120587679434125173230578650273576383752238368375271005678362104469296895802320204118380511689
1499784979993953510819236651521667280947574931525897403246157908237789286961586414466602763270911602
5596598180293894124328961492419001363531130528086417953955628812317977165840250284906204498903379248
8079270591776624279585129308434491154244545137255692406654382765163875906983002308644512653420398774
1110539414618935670614542769485814644550966392179182697113220719882167949736094730946123175893768701
1330381733081087646980552514424928897400399405082746321643880970488724913953554545522485184363143866
7453471031267088432377347627024577783753708166883661443981894535382432522300037247870115962754325492
9599059944918242384418439354250529335940809651334671510107982844853625271736376564832915828192664187
3850236565942200339640959900739975989010563919829021483700386891482543482278719795240515132293625454
1767265821298445321559272635359611742899825013580002326245158444663587106745214980181180796312709549
1327488415937258650540608687763180735325221518538303639278888647541087762228204243575146044098153893
4873418629765354249079743675365728619801697089586302799962162881788741591257384646691129059726067402
9416999965099862990670126252467844240013215293478286998364502800104211528445328593130396921305474762
7584887849460387479765653921950042736307684709994638982559661154650297492232725508007534420049660445
5796719705938971645255688476763485507199053006704410541920832617673286019010195898231957922698364152
4781507680884698159206862076780489746547404260392142770414652134565193355328778439500193971094502880
1927043249532293339804632127166973075751904968766582427709540491611807004927618050958766534372316030
3675673095581338283579473716265671948864178332001550635275135423364618641998064885424242204142554405
9832326682613916110206978313098578388020219973560121712471240627800017274728971152472340011191058885
9106162944606580254231890287757157095743254870918700362052791601211562471042438835678560942412002664
8220410577517617933417680812743410369551710564458821591860301875441338234647028244790994027121990164
9497058589359267616306238015047673091781476235584134742124300492327894534181830501453820775389458683
5901418554930280728889772531363174318081469722320166693129998518237329280069348430097831056093795644
9962375675792107258847541780843071641028101233398705594349618099914261787837986016901705632262012912
7109469922802981669429682180434594617040247058792002315063511582775224124455482065308151942859098492
5141781053553826036495526591736487216486854658002173169461803204232419801655765092695738133376056892
3032229429528794967503581489068906565374268510090971058492920303713775747387082815819301806269464100
8564135742342779744579779268537161047610953857873778001239799572292946393487286726643821179072870129
7945533786487882383212017356238961610583111171377518197391119514991888942784703313008537783102786880
4821248295644288409631834970546010212533271628932952881727803408485051049318911054538445387114672028
7315263818986451397250068047446648142237138247767473461764224920106054204455077880523515176415940142
5550034208923446273537610930543858222239083394887534388471138273502457260266277126474707326899687629
7664811383412122488863859925257279930409508934557898950412116638422419621769310885834726253698663995
2760937000950390807064510298492472757966450027736185827447587048180256272167043772281349607268688093
2730964907576792425508418185102577317455826760468742631609295966304610913842500554994788076918379693
8513083401835031734385274220302513810577827630469392212962336792411879581370101255676874733460433280
1340290708226283284372695090699788415505840166379315559842736446970205697933880746283504350835626876
2910443000474385939362162846022878050822850134059326042623728591242413497847009571562436003308155305
3421460080130624693454513250177618074037990761109963018225424407649457368636090573187718986849829561
6767438103244461777341156239613552026954715943346098853530403660018898722396201538474098373170439415
1261098761496717862424708113250168204401786739186017941510091380759527457922221481647496818825690954
6112532855054030810252743628734421128204371429420994298586979855520140546979708738722024921988404849
9610176670361802035855323077812111166092886660456723770144666374908085200274526785265229739316955291
1643409430816525758198864439793279615081583875059805014875449642060007970024359348259390638908463001
4479517105743711012815708725544808574939229599182360985142897032241786411742929370014819049471811888
2437084081793381424183885954681965082313825136530241240222202464761469658262534593292147599660209812
1802398799626162361917848596140354858134537708088147969225041619455334421175508822253888858108691793
7086173214500163980474024529098184403511810257979666491203369513487816521287571352797375306415876107
4503478652191448596919079709701051430236871241358006955972439416541936396765260702905599725986730252
