520784826029841160168073182625722618845547783599000911977361802152155264250474242478158590414
229432612513569704380355454568546751522712558651535342745590293941196564917057679376266949951104258
1921290772888986157104547534803576431741422154055048985229196975277648127114927720069
898158394743706995019379523200311912957039721180741519685905366291779067432659412949546802991834439
85051754712147554853634634703195387607868455046034391999835129972818208294187773885349989332
71878685097096054086424259964912209500523833237199559169019387621263889182952288407585263
120702789707657736172332412948611388220163701127911119006691345269662469605444639394
5551455714994838338602527423026004669055020515769704098383462982043453924718615848240589
5914439320290464367076824283285895295189411973504796634751398128950804423061220777743463751885508
55746924082281069209290938777923702418999282941012216308732075716459977442303521411123710
4687189595012378689275241983550875644665906289006104538518866898130738955216670977299
3379694174930121980459839688070525959557350324477142788958514074009458125968577083819672828151968
814368994214057222277929764500986464340542959981367744821538479786870895275740055474165
48544939296903091404282070172086757380645470917876589180833756585060676746532947216
2157844872875336930106152692901856968149055060691806053911496357195233065477572740020835292577
4573502442400634156544296865086725274674587581251700558736093054452937340681488885
23619657783640997933041699558611446349376691030398191611399441949466496392776510674612296653525512
27756908293504361758003538571561197421625344235712449565382443619687623895980226205689701002591596
30123017103995651522327159163319052525834388475752972115739063125418819312144460760355811
811364495778893171752113229062081241072210737445310121021594182108613394247658082818900498940
9334516158066664531922059301226576433335312026110061548207753075437921444006020664
937851943060834625501442268825306630109407144803734772762414633513935162452773659237257
72647718435876366504210177988867083097528104725115801556754728178742750398900797
32786207897578138352991833236316632821438874772151671227773349472128169461737146663456489421011339
10438682239619933539537598507974863489059595801119020924860219012864961289200762
55143023591088081983782242891865391481433649335218805249036868781083904440196508841078638601
76029930252046630671122498094686771377393291252063420533315106009633027919366699972
147831823405148759553842117380463348209969682011274001760299623511596513451725489289801518211516
818109799317218018771767139033773708699725838281266333711921866075647564618088118515821158022346
424461646189835322885548055420516713425781177688649681611078582683514512178220795520614
133064886640967056655605851054459000400010605985882987527224088067596270077438235546172913370922808
4955842823157301086061722148052545826796242563908973115515925830815386659904981041625
873955613732982951583982456956349404193586581367971634297199582403866548223450738613
85870276221161876927878453904544744918081954445411125556703296030223147337012356
7157696558158520698691560599476296296513263924135781835657094327704765568441681228643
594794083426508068691370128754266558503369984275302772917565810573206277599287264663118
909649436075708624882444097040550146465022958109493521641480110353432873423810919066304369432
76394764404567634490630191710699568442069860163769643375266551989596634385707827709
6699631581601637779065654107151558287406398550685329454026290677716643377101546629003626935518
56675189007427758250561570659977557567427429035659226440008672311811047441888132
872764172882984489707004636342077289219721928434213322300198826526149003746987916300
88393450901614033597440345718202783373914432633152151445085554829155008364886044172662481425800502
753958661607006481577522497817105280736787450489610333746042269607953822212145193773
109239863205884016356308395591148538989548397474841523186432315313304075397590007732809484480096
4134434413046695919306386485199398658187817834457982682793163800542094280859373549139
151884109085032379451635467650200906394685832701719954005486325829268030859916973424242880135094
27019050337810642854574142220212583015620140869108531533021398115513075740972596120
41601454083932789820842042321363043477113060715760817451083205346870414529126104939415
858501324191903945352044111792891904582330369684426908242405809464680111254080238665896633427615
5083735353746700746312448769876775222243143486194199321638727973272002221655624076268789199152048
34043677281005727004259950812674647235038254397802682295477413575850560682721008352911
69245497602208095637513508659900041325269997932445316031044339944230656107642781640446412
32551577745886159456823353184709191353143808405952777750051019554749870232219759122079704990
872557067295238349752828210889796560437265390154152739631726825453349566568260634670796861223370
704520445946919952556087591373659497431557572579756515437764968961289613472111176626
17490096863088953012526607407857692860500829119053481932664341489407738339955919106353866884
34836724230736238092035311221187428088333483093239338272420180452778247689147001994032607158789
1761456877175954414456092868196269549249456561879458730240207729789812237004363103
807960610434292099804522441014894766284112905720708136365558680571030941941211036979541383046507
42941254424437611480273596950879520117927516048854972931897937658079971376234093243
618502461176175023227216107057062323864986958427787498904136898011222247223559605172141232242586138
1607633395381531022344711980658485298088275841437641049098106870384855706796235447311814680
9832508737226092904184164774066239526516833143003236575848271874949420841635876493246549
830280535284055772224306237574382209659066525193939688050955387201707121600919592677680464428020767
787900806794233732306517493841068018799798322307268962375939840708756872126220558393783840
922879955968848615964868858873943736825761948454502223825512811308459568105382526116908834422318528
46137816559573580047588584855898324151991318414894379616394256715320638498439386368513756
72284750403312968933704300274271159960477508415909486793778997540655977217290062594600709548154
68510110104918661683621414697091871087754124835279388453975267849053956403520107466243
32168993744911118603024817545164035291464517853600131481200599152011944970266484965254
6766872364804335942551902314107621557847438632204619641791179791926977582962417733635
389463952973394612926997147148309175002023196504341979794376315466216516085871455348883
54153804311751023416648662004642720079280317536799855351451897797716848472088017624967255680931769
71081164153919495653734239964686708623792389547017749185281533738760178629675950516714370340216
124836151731127656115365021752742263549140234950392275270253344190617204104870165
36012221374610524803340661964650389714645138358036809596245281680383233221742102425348320313305
4055146350475215535860433077162774690226347429026910298830710649050834374889026722011622
169926510684371479215172498531833541554007602553196904217534335926497504136207079287492356010323
2098110410592309820839814662812119276405347962155346725841397587408845395987291124245827642074
1495930706911770301456052636268468538938992938293892120967583655344546828856143943375869721
5124130535872337199011181459838697765788228249853346968200355797260522874324030036040647275454491
70712599645013314997567666347233388950108809424552151576231218480725196009604544287960378945
5209990772460153696501986188080770256699931819093922376610991679859190561396286814925852439343
1618275638964177556327766812148754404031992117910693117093972860470240025349217618744499
858530330351154117860044288880148020480106963278475899130070837850971556437905748299112940
88975546943662141772213377937414801695690979728568846246274515976152762412305359008400484
280991072672555847173749430501783294832549201322983916389303583724147449436486806617784126849
7601852043879063987703738402233248813459758950647449306868519495782700772116309821940489
3037295553873087209032992715644142770323730857024378220744633863641624715855912401062168
28911959698710961099289638024172746492432974993218981183698864486870511121843848908325548806149875
37375158019845801830569240346089135776799795025841502993906621806585399538847778221110995372
153821250436302966038965963832883577426234618086576172268045168628100128484730391415583673244
87320882382123066791633162713551054112927985795575475176635259129014298699919704734044057806258
36138246924715529103985159942793104272152127135866863479808205389136648140650018367962973115310
3872513268275564374393609662306766368280166555282644993741642193146359603258242623405
5136369897321862328230375402329178707135871549750102259713430593228055131810096189218047858200
35212883665347257981566897816375427704333539358050338567665940785239938503555494
5512728940747485580625158918054648245779118868598236365760040431189520785778245634699926897945
820224287611979143174174928899741146700508283832525350089292171557237797592117253648130644797161976
30648242712510926590874007842028970521661864620188842609312010906556582637135895786760697
